    0.2191    0.4434    0.0986    0.8491    -0.4497    -0.1074    0.0385    -0.3645    -0.3297    -0.4251
    -0.2110    -0.1526    0.0271    -0.3780    0.2300    0.0175    0.0827    0.1210    0.1325    0.0702
    0.0245    0.0469    -0.0194    -0.1050    0.0694    -0.0395    -0.0099    0.0384    -0.0286    0.0538
    -0.4633    -0.7997    -0.0465    -1.0804    0.5120    0.2520    0.0163    0.4781    0.5663    0.4958
    -0.0524    -0.0819    -0.0371    -0.2922    0.1688    -0.0018    0.0070    0.1192    0.0602    0.1294
    -0.4410    -0.5947    0.0373    -0.6907    0.3154    0.1942    0.0876    0.2981    0.4324    0.2247
    0.2851    0.3593    -0.0549    0.3224    -0.1435    -0.1184    -0.0833    -0.1400    -0.2475    -0.0689
    -0.0457    -0.0628    0.0158    -0.0065    -0.0024    0.0258    0.0241    0.0151    0.0247    -0.0110
    0.2716    0.2517    -0.0209    0.5447    -0.3229    -0.0304    -0.0924    -0.1969    -0.1878    -0.1636
    0.2563    0.3593    0.0021    0.5133    -0.2251    -0.1234    -0.0445    -0.2250    -0.2622    -0.1794
