    0.2293    0.0997    -0.3404    0.3564    -0.3642    0.1066    -0.0969    -0.0326    0.1132    -0.0381
    0.6215    0.2955    -0.5441    0.5783    -0.6181    0.2055    -0.2705    -0.0842    -0.0362    -0.0232
    -0.0341    -0.0517    0.0273    0.0123    -0.0134    0.0193    0.0514    0.0087    0.0223    -0.0585
    -0.3738    -0.1054    0.4462    -0.4993    0.4735    -0.1472    0.1929    0.0551    -0.0573    -0.0463
    -0.2321    -0.1058    0.2497    -0.2551    0.2825    -0.1050    0.1665    -0.0047    -0.0270    0.0083
    -0.2405    -0.1031    0.2531    -0.3644    0.2059    -0.0859    0.1679    0.1468    -0.0415    0.0196
    0.4523    0.2041    -0.3578    0.4170    -0.3482    0.0627    -0.2392    -0.0424    -0.0385    0.0006
    -0.4081    -0.2226    0.3343    -0.3254    0.3311    -0.0623    0.1423    -0.0128    0.0935    0.0464
    0.0253    0.0531    0.0279    0.0285    -0.0198    -0.0463    -0.0503    0.0592    -0.0924    0.0677
    -0.3146    -0.1856    0.1921    -0.2555    0.3538    -0.0102    0.0918    -0.0395    0.0755    0.0330
