 -2.083 -2.792 -0.606 -0.167  0.089 -0.519  1.353  1.824  1.951  1.855
  2.797  3.744  0.985  0.406 -0.077  0.592 -2.002 -2.549 -2.641 -2.544
  1.503  1.935  0.629  0.192 -0.091  0.364 -1.096 -1.332 -1.454 -1.366
  1.458  1.854  0.430  0.090 -0.030  0.300 -0.925 -1.231 -1.206 -1.344
 -2.225 -2.719 -0.678 -0.176  0.128 -0.500  1.447  1.897  1.920  1.943
 -0.716 -0.812 -0.241 -0.018  0.026 -0.095  0.499  0.460  0.694  0.550
  1.000  1.184  0.154  0.030 -0.071  0.233 -0.613 -0.674 -0.796 -0.798
 -1.548 -2.098 -0.581 -0.266  0.128 -0.304  1.083  1.437  1.470  1.451
  1.934  2.506  0.632  0.099 -0.191  0.424 -1.214 -1.722 -1.751 -1.585
 -2.238 -2.917 -0.690 -0.139  0.157 -0.510  1.529  1.976  1.933  1.938
