  0.641 -1.005  0.270  1.782  0.176 -0.949 -1.585  0.480  0.492 -0.345
  0.418 -0.854  0.153  1.558  0.108 -0.686 -1.262  0.317  0.485 -0.332
 -0.120  0.343  0.063 -0.609 -0.174  0.283  0.502 -0.023 -0.232  0.075
  0.122  0.051  0.132 -0.084 -0.071 -0.108 -0.080  0.002  0.078  0.114
 -0.160  0.583  0.006 -0.928 -0.078  0.117  0.659 -0.039 -0.158  0.274
 -0.427  1.104  0.183 -2.205 -0.306  0.688  1.526 -0.078 -0.641  0.604
 -0.206 -0.062 -0.467  0.277  0.164  0.315  0.154 -0.377 -0.007 -0.140
  0.342 -0.787  0.126  1.250  0.173 -0.495 -0.991  0.190  0.347 -0.294
 -0.176  0.139 -0.197 -0.260  0.009  0.348  0.338 -0.145 -0.073 -0.097
 -0.486  0.802 -0.187 -1.298 -0.067  0.646  1.117 -0.326 -0.389  0.289
