
Inversa de m1: 
0.1286 0.1104 0.0452 -0.181 -0.037 0.2201 0.0150 -0.112 -0.025 -0.092 
-0.070 -0.132 -0.062 0.2086 0.0843 -0.042 -0.058 0.0778 0.1498 -0.161 
0.3021 -0.194 -0.263 0.0879 -0.041 0.5158 -0.078 0.1654 0.0944 -0.470 
0.0631 -0.056 0.0046 -0.045 0.0397 -0.004 0.0110 0.0880 0.0271 -0.098 
-0.434 0.0455 0.2209 0.0266 0.0591 -0.532 0.1166 -0.028 -0.057 0.4800 
-0.503 0.2868 0.3472 0.0464 0.0523 -0.802 0.1713 -0.199 -0.105 0.5541 
0.2302 -0.205 -0.270 0.0667 -0.025 0.3319 -0.042 0.1102 0.0910 -0.213 
0.0557 0.0833 -0.125 -0.061 -0.044 0.0997 -0.046 -0.002 -0.037 0.0875 
-0.178 0.2516 0.3556 0.0322 -0.070 -0.400 0.0635 -0.218 0.0344 0.0818 
0.2738 -0.144 -0.221 -0.092 0.0347 0.4272 -0.103 0.1399 -0.120 -0.065 

Inversa de m2: 
0.0343 0.0555 -0.077 0.0963 -0.101 -0.067 -0.012 -0.009 0.1071 -0.068 
-0.140 0.1010 0.0757 -0.231 0.1572 -0.085 0.1208 0.2531 0.0747 -0.118 
-0.023 0.0234 -0.018 0.1623 -0.246 0.1411 -0.002 -0.248 0.1220 -0.072 
0.2973 -0.295 0.2005 -0.443 0.2783 -0.175 -0.250 0.6828 -0.328 0.3578 
0.4402 -0.169 0.4783 -1.079 0.8033 -0.462 -0.437 1.5202 -0.407 0.1031 
-0.456 0.1798 -0.523 1.0912 -0.721 0.5547 0.3689 -1.455 0.2888 -0.096 
-0.067 -0.064 -0.172 0.3888 -0.103 0.0319 0.1063 -0.387 0.1167 -0.005 
-0.045 -0.005 0.0374 -0.078 0.0011 0.0601 0.1819 -0.035 -0.085 0.0594 
0.1281 0.0370 0.3032 -0.497 0.2841 -0.214 -0.144 0.6502 -0.178 -0.016 
-0.036 0.0722 -0.091 0.2401 -0.100 0.0990 0.0467 -0.453 0.1141 -0.031 
