  271   366   237   239   266   324   379   238   251   200 
  169   165   148   123   164   153   184   212   145   186 
  247   288   226   209   228   255   294   289   214   261 
  217   265   190   199   196   244   290   204   189   179 
  198   237   120   116   133   193   208    92   158   167 
  150   220   141   121   132   185   183   188   152   177 
  140   253   112   143   139   207   226   146   131   141 
  130   152   161   104   162   141   180   227    92   158 
  227   222   208   178   198   212   259   228   197   198 
  227   260   158   178   202   232   256   180   232   181 
