   01    06   -03   -02   -04    00    01    02    03    09 
  -05   -01   -02    01    07    03    03    01    01   -08 
   05    00    03    05    05    04    04   -05    07   -03 
   01   -02   -05   -02   -03    02    01   -04    04    02 
  -06    06   -01    02   -03   -02   -03    00   -03   -04 
  -08   -07    06   -07    01    00   -01    03   -07   -04 
   00   -05   -06    05   -07   -01   -05   -08    06    09 
  -04   -09    05    05    03   -07    01    00   -05    01 
   07   -05    04    01    00    02    03   -01   -03   -01 
   02   -02    02   -04    02   -05   -03    06    07    02 
