   17    06    09    12    06    10    17    10    15    09 
   09    05    08    09    11    03    07    01    07    10 
   07    04    15    11    09    04    04    13    07    13 
   11    14    11    04    07    12    17    06    06    14 
   10    08    03    08    07    06    05    18    09    14 
   08    09    12    07    03    16    13    09    11    10 
   02    07    10    07    11    09    11    10    08    09 
   08    09    07    05    11    09    13    00    09    05 
   07    11    04    11    10    10    09    07    11    03 
   10    16    02    04    06    13    15    08    09    06 
