   08    07    01    05    08    08    01    06    00    04 
   00    03    02    08    01    08    06    09    08    09 
   06    05    06    08    02    03    08    01    00    00 
   07    04    03    03    03    07    01    00    05    04 
   05    02    02    05    05    01    09    04    05    02 
   05    00    00    05    04    08    05    08    04    09 
   08    02    00    08    04    07    08    06    03    09 
   04    00    09    05    09    03    09    00    04    01 
   06    03    00    01    06    09    01    07    07    01 
   00    09    08    06    09    07    00    02    02    02 
