   09    02    06    06    02    00    01    02    07    06 
   06    02    02    06    07    01    01    00    03    07 
   03    03    09    03    01    09    02    06    04    02 
   05    05    08    01    05    00    06    05    06    00 
   01    09    07    02    02    02    02    07    05    04 
   05    03    04    07    02    08    04    01    06    04 
   09    05    04    09    01    06    03    07    06    06 
   06    01    04    01    09    06    01    00    03    07 
   09    04    07    05    03    02    07    02    04    08 
   09    01    05    08    05    03    09    03    01    04 
